
strategic_region={
	id=129
	name="STRATEGICREGION_129"
	provinces={
		227 228 229 230 231 232 233 953 954 955 956 957 958 959 960 961 962 963 1682 1683 1737 1749 1750 1751 1752 1753 1754 2366 2367 2368 2369 2370 2371 2808 2809 2810 2811 2812 3114 3269 3311 3312 3494 3505 3506 3507 3508 4095 4104 4286 4733 4734 4835 5142 5143 5144 5250 5314 5315 5350 5612 5613 5999 6325 6326 6876 6951 7099 7225 7286 7357 7358 7501 7502 7549 7806 7857 7909 7918 8215 8216 8240 8398 8483 8541 8543 8641 
	}
	weather={
	}
}
