
strategic_region={
	id=131
	name="STRATEGICREGION_131"
	provinces={
		67 68 69 70 72 73 696 697 698 699 892 893 894 895 896 897 898 899 900 901 902 903 904 906 1703 1704 1705 1706 1707 1708 1711 1712 1772 1773 1774 1775 2114 2272 2646 2728 2729 2730 2731 2732 2733 3162 3163 3164 4839 4840 4841 5159 5160 5161 5162 5163 5164 5804 5819 5985 5986 6063 6266 6321 6322 6323 6603 6642 6643 6747 6782 6839 6840 6841 6967 6989 7020 7021 7436 7449 7827 7938 8025 8550 8551 8612 8746 8837 8855 8860 
	}
	weather={
	}
}
