
strategic_region={
	id=134
	name="STRATEGICREGION_134"
	provinces={
		613 614 615 616 617 618 619 1396 1397 1398 1399 2015 2016 2017 2018 2019 2020 2021 2022 2023 3935 3936 3937 3938 3939 4240 4246 4247 4409 4410 4581 4582 5086 5361 5362 5372 5373 5374 5375 5386 5640 5641 5642 5821 5822 5823 5842 5843 6090 6135 6136 6137 6138 6139 6255 6401 6402 6436 6628 6657 6799 6800 6863 6880 7388 7389 7422 7427 7574 7624 7638 7639 7866 7949 8012 8206 8261 8304 8325 8335 8422 8517 8579 8580 8771 8822 15218 
	}
	weather={
	}
}
