
strategic_region={
	id=135
	name="STRATEGICREGION_135"
	provinces={
		246 247 248 483 484 485 574 921 922 923 924 925 926 1297 1298 2762 2763 2764 2765 2766 2767 2768 3806 3807 3808 4317 5294 5295 5296 5297 5341 5342 5524 5525 5534 5535 5536 5537 5538 5756 5760 5774 6134 6229 6230 6231 6259 6260 6261 6315 6316 6351 6360 6361 6435 6514 6515 6516 6517 6518 6523 6893 6906 6929 6965 6966 7080 7081 7423 7428 7524 7667 7727 7728 7826 8053 8073 8130 8152 8334 8352 8377 8380 8444 8494 8661 8662 8666 8704 8729 8844 15209 15210 15217 
	}
	weather={
	}
}
