
strategic_region={
	id=160
	name="STRATEGICREGION_160"
	provinces={
		2 21 22 23 24 25 26 27 98 99 100 101 150 154 156 157 163 164 165 166 167 168 169 170 171 172 173 174 187 191 192 193 336 337 338 339 340 341 444 445 486 528 529 532 533 534 535 536 537 538 539 540 541 542 543 544 545 546 547 548 549 550 551 552 582 583 584 585 586 587 588 589 590 591 592 593 594 595 596 597 669 670 674 704 705 731 757 805 916 920 938 939 940 941 942 943 944 945 946 947 948 949 950 951 952 965 966 967 968 988 1000 1001 1002 1003 1004 1005 1006 1007 1008 1009 1010 1011 1012 1013 1014 1015 1122 1124 1125 1152 1153 1169 1191 1243 1259 1260 1282 1283 1284 1285 1286 1287 1288 1289 1380 1381 1382 1383 1384 1385 1386 1387 1410 1411 1412 1413 1425 1438 1553 1555 1581 1677 1691 1692 1693 1694 1699 1764 1765 1766 1767 1768 1777 1778 1779 1780 1792 1793 1814 1846 1928 1929 1930 1931 1932 1933 1934 1935 1936 1937 1957 1958 1959 1960 1961 1962 1963 1964 1965 1966 2047 2143 2174 2175 2176 2177 2178 2179 2193 2194 2195 2197 2202 2220 2265 2266 2273 2293 2294 2302 2303 2304 2314 2316 2329 2330 2331 2332 2333 2334 2335 2336 2372 2373 2374 2375 2407 2427 2428 2429 2430 2431 2432 2485 2486 2487 2488 2489 2490 2492 2493 2494 2495 2496 2497 2498 2499 2500 2517 2518 2519 2520 2583 2584 2585 2586 2604 2605 2606 2607 2608 2641 2800 2814 2815 2816 2836 2837 2846 2852 2877 2878 2894 2938 2939 2940 2988 3010 3011 3012 3013 3014 3015 3016 3017 3018 3019 3062 3063 3064 3065 3066 3067 3068 3069 3135 3136 3137 3138 3139 3140 3141 3142 3143 3144 3148 3153 3174 3179 3194 3195 3280 3281 3324 3383 3384 3385 3386 3387 3388 3391 3487 3598 3721 3726 3727 3728 3761 3762 3763 3764 3765 3818 3819 3820 3825 3869 3899 3900 3901 3912 3913 3914 3945 3956 4017 4018 4066 4067 4076 4113 4138 4139 4140 4141 4142 4153 4163 4175 4193 4194 4195 4196 4203 4204 4205 4206 4207 4208 4209 4210 4211 4316 4329 4330 4332 4333 4378 4416 4417 4430 4431 4432 4433 4554 4565 4566 4570 4571 4572 4583 4619 4680 4700 4701 4702 4727 4750 4751 4752 4753 4780 4781 4782 4783 4794 4804 4805 4806 4807 4808 4815 4817 4824 4869 4885 4886 4905 4906 4933 4938 4939 4940 4958 4959 4960 4987 5008 5015 5016 5017 5018 5024 5038 5072 5073 5074 5106 5116 5120 5172 5173 5209 5212 5284 5285 5299 5300 5306 5307 5327 5335 5336 5338 5339 5352 5353 5354 5384 5385 5391 5392 5393 5397 5398 5399 5465 5478 5505 5519 5540 5545 5592 5593 5594 5595 5610 5611 5636 5637 5667 5684 5688 5689 5722 5726 5755 5824 5825 5844 5845 5846 5872 5873 5874 5876 5886 5887 5896 5918 5919 5939 5959 6000 6004 6048 6052 6083 6087 6115 6149 6150 6154 6165 6166 6196 6232 6233 6240 6242 6263 6265 6281 6312 6377 6390 6391 6398 6422 6423 6463 6464 6478 6479 6480 6508 6547 6561 6605 6615 6616 6624 6631 6640 6677 6681 6682 6704 6708 6709 6734 6749 6750 6768 6783 6784 6785 6790 6794 6822 6823 6824 6825 6826 6888 6907 6946 6981 6985 6986 7015 7016 7017 7019 7022 7045 7050 7073 7101 7123 7126 7130 7132 7161 7170 7171 7191 7234 7243 7245 7250 7258 7259 7260 7269 7292 7293 7331 7332 7352 7353 7355 7381 7407 7412 7421 7441 7442 7466 7498 7499 7500 7509 7510 7522 7538 7539 7544 7565 7566 7570 7577 7589 7590 7591 7608 7619 7620 7660 7671 7685 7703 7790 7791 7793 7794 7797 7799 7802 7812 7824 7835 7852 7874 7878 7881 7882 7896 7920 7933 7954 7960 7970 7974 7978 7990 7994 7995 8002 8026 8045 8064 8067 8076 8079 8090 8104 8121 8151 8153 8191 8194 8243 8250 8270 8275 8283 8297 8298 8311 8318 8331 8332 8354 8356 8357 8368 8370 8382 8403 8404 8414 8419 8458 8468 8471 8472 8480 8508 8536 8540 8548 8549 8555 8565 8589 8590 8593 8594 8597 8625 8631 8634 8643 8644 8646 8649 8660 8663 8684 8688 8708 8753 8766 8788 8816 8817 8820 8871 8874 8902 8933 8934 
	}
	weather={
	}
}
