
strategic_region={
	id=18
	name="STRATEGICREGION_18"
	provinces={
		276 277 278 279 280 281 282 283 284 285 286 287 288 289 290 291 292 293 1026 1946 2059 2060 2061 2090 2091 2092 2651 2652 2653 2669 2670 2671 2847 3565 3566 4077 4319 4556 4669 4923 4989 4990 4991 5321 5437 5730 5731 5732 5733 5788 5969 5970 5971 6014 6017 6018 6019 6020 6181 6182 6183 6184 6185 6186 6187 6633 6675 7029 7030 7304 7305 7306 7403 7426 7575 7711 7940 8110 8111 8218 8263 8264 8452 8496 8497 8498 8562 8700 8833 8893 
	}
	weather={
	}
}
