
strategic_region={
	id=24
	name="STRATEGICREGION_24"
	provinces={
		197 198 199 332 333 443 775 776 1126 1544 1545 1863 1864 1865 1866 1867 1868 1869 2417 2418 2419 2420 2421 2422 2423 2424 2425 2426 2879 2880 2881 2882 2883 2884 2885 3265 3266 3267 3368 3439 3451 3773 3774 4289 4290 4364 4365 4366 4412 4654 4818 4819 5231 5233 5235 5245 5246 5247 5401 5402 5403 5548 5549 5698 5827 5828 5938 6080 6112 6113 6203 6306 6468 6555 6601 6613 6791 6792 6900 6901 7125 7176 7177 7256 7572 7729 7842 7893 7912 8235 8315 8351 8369 8490 8516 8566 8567 8724 8738 8796 8825 8898 8909 
	}
	weather={
	}
}
