
strategic_region={
	id=76
	name="STRATEGICREGION_76"
	provinces={
		9050 9088 9102 9106 9165 9209 9252 9256 9269 9318 9340 9441 9457 9591 9601 9602 9606 9739 9836 9850 9861 9869 9884 9932 10070 10144 10148 10179 10187 10252 10289 10316 10354 10374 10405 10503 10578 10604 10638 10650 10683 10690 10697 10704 10762 10797 10804 10887 10912 10927 10933 10943 10955 10994 11046 11059 11064 11074 11100 11121 11133 11282 11316 11351 11397 11583 11637 11736 11880 11892 11942 12016 12070 12112 12131 12199 12206 12217 12237 12246 12255 12289 12306 12558 12565 12584 12786 12873 12906 12949 12997 13030 13031 13086 13162 13217 13239 13293 13320 13404 13462 13547 13552 13586 13696 13743 13784 13869 13930 13977 14029 14034 14122 14127 14132 14156 14229 14232 14303 14311 14326 14341 14415 14443 14515 14534 14622 14699 14700 14705 14706 14741 14755 14764 14837 14866 14913 14963 15181 15203 
	}
	weather={
	}
}
